616322991480
463919590939
920981142215
96587972966
528003664933
402284825761
3301095498
271652448590
577606366631
682453436141
476336873090
427480851277
711552627737
871667542870
863572349223
626328068415
449072443127
125283341621
838947104750
77168972669
938118112536
932280364119
683288936842
715756078663
783778031088
536797105961
391030609201
172078997415
130776995898
237902857454
306618712832
963495350981
2042256482
168407938454
468456023804
700476760855
494655738225
858509343066
154092346426
356601038785
477185912995
811803423366
673918533478
635532116593
76870215347
97887956191
369566845013
200944059753
461254450491
913636697310
871508167071
360799713748
322115127835
402446136805
476140411190
527139761386
610436245287
545692227029
356086438166
51378396115
804777768149
873892062202
282816091960
626659835063
807767827669
301891500172
573624891328
70658021311
207059950002
292860979039
247636146903
524555801347
454483573266
480534523951
919174944774
455897913462
865339702993
405121483965
950459776519
794956640397
190885740088
709961184897
260846931818
82330610289
328408302612
897898482619
562812430563
394911017380
255488326886
110525325034
689940886925
771513572481
273007529916
751492529155
446294691864
43421526731
256956531541
438258778888
526192012905
838650906988
100647885536
390808219626
237113200359
909899762611
929603394474
615065865728
578782718950
336534521074
970845311399
788805384759
704455094779
962383021922
474212448949
317470339275
644946757258
673633184856
964124112504
603088215683
101285155643
252815716200
650285672051
554223521578
777915843061
877204286257
145196552041
912276010148
645502388204
844952580323
674261059593
745333865227
531953134367
571627919000
984370543530
576082492474
396120558308
120657215109
788538055472
784001642887
710715290794
358451208076
682599205582
307728017943
264536401268
178597367886
753192405554
287283546618
273369200901
523583433737
745793221988
128037100238
386870030528
490944632500
893046762491
993403850899
390948685096
9884999776
117299582903
68297940631
982252597936
511739633340
246539038572
476849935710
125599811100
777337990852
590332876282
487353593668
720928727953
12382154314
512318713921
51228781276
874714827295
340347395428
502946203821
476087831283
281552644853
681869443262
84035184061
378567927072
987347184812
681900742031
383306686481
799508499468
870778958807
12954263284
836332592945
284782171509
216768813131
544633494059
501688455136
239060884047
560876020548
245461454186
620234085567
739307341834
8674853440
489250570688
500344486536
484580381816
595739563930
129147830248
327176708967
873930503125
570132383961
148013293688
442334707250
108061037053
855316175891
171987536549
852014638781
617346051191
162997041352
337188122201
370092690498
30234672532
701069501001
564011037387
546815128262
638237476578
956420524871
741028701043
62684780460
753690476600
796409578688
166888463209
781518217845
746443540297
874245824403
664595542558
457035092310
213370849236
351657592085
51163059111
304818854492
587534004725
148615391965
697010065741
117440288330
370505600729
442446524344
978337712805
908002548616
141754422268
695368032722
629920706432
563560600530
758363872548
989277012195
542236059734
901760832067
424347271735
178205859046
667096302727
125138333583
324161066379
907154864632
8574325313
304539296969
600446410003
860181044041
393563178002
136747489128
709183779490
313694855117
760112937808
432440459400
176844406929
464445627496
346891423083
938156635392
391226480603
860635440900
428506729735
56190958091
853448154984
387778171663
870132457296
7387083789
708005772696
775594482280
811886102356
51098421274
471349932794
321735772020
69770825432
95702667523
834347508764
556223005427
892508758000
962301739431
655376133572
626728762974
73365524629
674030205113
905083141583
591669008870
261251897675
994732562907
242519760120
864006277028
294975911949
612237550178
588906118335
151305583681
367917285350
754747550452
94985882381
618555345399
514193039250
349585945435
636807097791
831428880600
919502388052
858591084920
423441237280
505186633342
998925776842
658388789213
979256635203
616280080966
14918291891
479791651381
90746324827
963811910268
469176929361
733571215728
613704189058
18191125883
41086841155
473694388216
817422578398
52759015260
485484649077
508915322793
570460967260
694767801220
938782401555
933892931462
474590803023
295987541979
39966536506
797958782887
463188940982
854635112291
274878225608
197097969613
799377328636
955874330985
425535746078
661763988708
142305529576
922731867737
498968926405
88243640041
859601978588
201450752312
754610226198
583235323280
743970862716
943178681455
351223668935
371825310429
587347387998
283941990437
348010430717
652292636555
834989711004
224716198238
642476578966
195579728563
495435678921
24168617401
900882151614
209764189975
680663267753
603513258229
830243517153
932838578497
837585312085
677969803329
322837743667
864776614835
307826792881
457463505351
840516144741
257085149637
50204532406
201619834942
220364980570
794510718983
98023088296
386105754283
212681677619
426781649025
836048490107
829148845847
466680513796
865380930650
414482035527
280629057003
782401572344
449675106222
54106785929
135257721445
591630178592
550911085344
315858635440
127306915587
907605470574
725924880953
601403789071
53750357178
611872748710
932891561925
316627254162
451225527344
35528242074
548869078914
822416944840
158571114267
654859078614
120263062633
157695591910
653521267162
904005353237
636784413021
491985599232
452002145693
964297523868
789077855134
350873603654
75264274449
190411221887
652424194075
809859584076
220593951826
93370689699
225778087893
260931754274
270756378457
532018898241
295556143801
836103098299
475835923209
146360763466
783201350419
646760551117
589365445817
321990752144
793462022130
445734476289
447855209547
635300715327
181030862513
480216398583
567835781682
3633271483
425269674977
956135879468
49421265013
929898983730
481502188365
350693980687
800170305243
899292141289
467539767012
486942351408
689130795456
832193175526
535205767380
423031154137
235791524089
558797494142
673446203113
467639322527
69359423411
251291153912
631101448315
653616892561
521178082776
257326930014
456094123541
979715535156
857844331792
468674588151
145588432190
633910152772
350980974213
323815037172
925416879430
976908294612
269596362188
436597988670
7812659875
152595135341
63432434497
475629819511
416335600974
894382164992
240708628441
90741252813
89199219805
78278180027
568044220127
148036314905
331544682073
166340950204
386346777810
755302772296
599538843259
942739932977
724808133710
304416972061
802730411781
151207758012
867966534773
235773246812
765201719360
479020995973
595669470503
571313587773
708504623472
127252257800
727939127657
531196004070
178020161800
312215906499
420068714630
351260257561
708674188668
491992349296
469593357333
972560015124
608633431193
716386033772
619619245310
346117376551
580310443110
849022423017
910588950905
356658602592
771132669829
720624548669
47067760086
351008836932
220664535275
681655996416
304823553436
283299202842
334283282884
869342061734
147998521018
294540079309
66289428461
490925592979
634394374463
11362653463
98922013676
789177103616
423355983929
601173193335
499564227280
972552260804
385167449954
744733404988
15557723416
972893608300
991644296902
368491465311
122403453520
822126677524
327403179268
685960079082
315505553998
886364113977
674551309613
116205835457
989790885157
733864847337
218637312154
186222686623
943209240165
490323538207
364263697808
169419942719
848404605735
37120080164
737830420599
846178132742
262050379794
218467455475
833230516120
319426030634
552263139842
374679029785
99499610297
7239165026
15464108966
708188165709
404027448198
766960438690
949059493345
721630197137
666532193014
902047316692
533071711861
868769449762
78666533161
488554540481
475080608477
366344529363
207420001991
68999566015
844754861094
115229214165
138486714078
380946137710
484330862889
292296602708
749429364578
705616286394
836298660037
902137412358
999597692577
943049088799
988730150498
468947254900
932487653446
116212684362
884626983610
86717375154
99582623309
265094336827
122342698895
833134733085
21365576118
445647425632
827597402897
186101557832
946195481556
343331918394
140113771265
890086022068
975488285173
129787337750
192141051418
566991252402
714035338579
556295763727
430707181803
918619422018
922061996555
775792484120
511021351267
418877311182
836103525670
514576599160
72709590148
995156826101
365446020773
769465674654
295807233230
815570407872
115454669203
661833145142
472238362133
507847331669
845114578226
214558804970
846135692807
318572388636
895720602494
613017288898
470769297642
234041902730
306010469099
2552047658
189593340466
716382619671
296808592871
606473165063
801150766725
480547290314
995678277026
305015037101
852404990023
141681977653
983804282441
548209199579
194324685810
323863936531
224746087448
629898473190
621377972581
23845366278
111680462961
99164060102
131058951735
708198025262
899053770933
858272907064
973140825848
315177176419
318356892553
316275747425
236931084758
861077421236
466054879952
166330904101
998828712746
639972918604
319233543055
961711091448
901179781180
958487134241
442076349829
389838034218
267166015669
631687550557
927901423253
562991201502
418955847090
502902597168
623304257638
538346192915
712090379584
245793010527
852519852588
284827609656
593807698255
159929430987
191197990256
962975983394
765862486602
141025221009
17751615128
544516953911
489522495840
767389996842
736377328437
179910480878
10708133537
201306283430
483078274924
724197588873
849232625655
335293169840
572387034309
34623260058
684796033761
201081046378
240960693047
297500280822
330565890986
576752563395
399307888335
54417640672
625879398379
243481742047
864965459607
856254213889
907638994630
168048452339
709603180153
808514168
274565016849
119845934903
841954956641
909171975408
630076368420
65016438431
923853730951
273336004731
89136945629
235390916938
486600269442
579567212235
555658778458
618516140692
155463404709
758623494694
131803398762
288873140930
455863641894
281424187102
885608594814
756849724793
386461855960
817727969596
132706978371
224293547109
832242230190
443981397389
893731649051
798694292805
76203548186
388303977985
929887701492
805816544430
482932725816
35261030949
242150311741
67075069672
761595002258
956016056792
147990492163
27788264483
837991938832
472338752145
661853791843
869948972792
990572559089
655538945603
585104192185
851697060047
861148756422
644981878964
335309512085
564799667322
276674602512
266006934200
436778666616
690705740235
437817782850
549750198829
923909453781
433989789651
373404202444
113210804701
500320311295
992456029694
73066335952
121387612902
393871174962
305467252143
769419137595
415415618040
15072910867
611901242968
98195273764
734095380734
145437737796
846657818340
51771561768
71291225163
286548477542
282880936587
860137613048
121779554768
476183342473
542865823536
567313392565
409320987727
613129889087
295776701583
957911056894
918288527055
684326298797
799903371558
484431195226
564766625219
332940512777
463116308675
91847630734
872564576539
296976061868
418518649334
178701098750
636025117577
442898514614
461066203835
433577331525
590804115396
540411015679
178600825886
195348720090
739005418378
29377815303
559920612841
343259718654
788240901338
938938867231
301893875208
942261208286
474274544827
795547110547
369746988222
706655125107
95549074703
864563745840
543450288502
825221759801
698307927220
943317198383
501028036667
851138140926
769916068149
526378718732
265641358239
325805567683
741695740354
684220527456
510096144038
813986629738
851454395118
174565919861
537689173700
992061350760
672398111357
761998452407
519610760014
896553767917
934300065313
188041392204
532256653313
739403216503
18514828872
919280796025
212053186825
339047063330
368541936748
720609380186
459165250699
249884435529
993635581533
379361016962
956519204647
365419925727
434810147458
106337000855
374647816395
266692956717
119514435695
393265089153
295532476591
251498548169
636104627551
612596388648
276619510819
635636023755
48766415869
988488256664
53846123848
568469481296
945515956506
786121743562
288539044331
781211860060
154978439609
122184962045
109119196203
111179132526
392724560725
298524435272
91302950871
962032188340
315963570443
472487742695
984308677853
409388441137
278649555759
9713093152
803401541183
757893321953
150511836816
664902042143
376367275822
716115735241
83894130727
24971955190
422147409734
366453493452
525158893435
94031410135
594920920147
344444352211
484179562560
207629351179
743259496114
875427936133
849501540257
840133284559
51239318886
597358549184
982368672171
920801104560
648676688204
888557938340
402041235791
109240490967
191208375480
457372468220
727864225725
153391755690
421022311721
987321123114
68667231528
607664521574
577808380976
154655844038
763578621600
709171449893
971979838199
611975084508
521629383887
154070050726
280890365270
98687554283
986333659777
851820355509
135209044341
67306480980
514090959661
858026823640
221353931507
16467025548
919715508173
145807123360
512246468109
910553074783
29710436861
726563697109
170249134215
78845463033
329018859961
505997016570
642667702894
681556677580
659620112567
516208257071
420479156892
718214428793
380193043914
797059746786
143887778313
883144536667
844397133090
954356802734
133814552369
880502055834
217387340776
200676720945
880215046523
486259088969
136392826529
98536080341
17111392130
206179332189
910681405131
956710301308
268943761909
968592162281
493614398052
229479884963
72942013319
910316590768
351863991825
9371091277
117169320321
720843336167
627631855429
752628049105
419021875985
764527668916
524492643175
734396559648
197625030252
226022265911
696802751292
976318085025
603592113000
206346982071
888139003860
808812510886
884796154133
874725643238
515965938428
646235056248
909358764611
216227485265
111274033123
221606931863
978180362531
617316476814
365834543956
742159397937
59937099785
374026671749
661197206913
631872214645
269987544608
46793418265
159501496726
861034415691
711346651742
480246017604
603788399766
70205735594
704177846169
932878025356
657354795157
23521279347
779096516992
839971582885
920434624596
291434651318
665116791607
230552850955
435629469799
207392257536
476902975766
703112003871
805832253173
37062825260
719821419685
299610668661
527979678551
983612426377
444683906825
131002351892
680208630928
845543575139
435732809377
289886769350
241692981817
14093801814
707725548279
568107434733
401333922602
28927993326
778098957948
269486543245
650133897228
536928931294
858759541813
480886044529
750251380302
52080365896
407593359934
602647178024
929351693215
164100600464
588936298776
356144224569
938289423084
156430764787
230657220865
854730715274
985536489329
714631238821
724621874464
288371085966
163616240878
177197820824
950638694436
299012395561
24650430352
904269034169
687886925560
481216334451
405810191716
593624915944
836434457187
964307828093
634532449408
641038089102
429123462606
937596418516
912348102906
245815441116
826105541092
352444092132
587924100928
435696459163
584653192837
759347471756
294328476423
487501234313
772798123092
285022455469
367214729101
69655145015
935447944776
96355946101
513681073377
884368113882
428954394790
158961092708
313183538424
952865781996
459622590186
22221254451
708416793685
838242589589
578632420972
879859180528
190404987182
585549913705
982443636160
532522777634
495915753424
723864742452
372579573808
231355066008
600328548789
47637915499
425904535708
425311143390
764131538393
731630138711
395813885009
783834494136
777058736031
542648006584
176031414184
326406590578
796571641113
75853716990
929623345094
967682925526
87264369930
305745871732
160284741437
505666670397
715741272708
334717310847
607460737096
382612715310
131363279011
394138290279
477418706831
730331873172
481312170111
321339150746
728213153149
23244754384
159520152427
939264857785
4254622964
972332300333
602079631978
453361034995
205453708206
102871418476
484401541953
933667392459
769633022671
76848363
997610389697
154527545921
442184156040
257975399060
855822879772
64674674632
347262140605
275383775281
600011510666
647497819685
952085493161
376844928384
482996025887
738905165748
637730280341
283234435385
835322330744
536325367790
263049366331
82549791544
393105427305
291497885851
872815972552
565031600198
289240253713
344185571429
207148932370
591126094396
984611218142
152881852779
880869292313
534866647985
193776500178
39097801467
363864209562
141145025628
820820267912
269039494400
430627212781
492587771625
693964942152
138829751867
765731070772
104880330542
3402709954
861976211422
609738600895
41060403203
346097967750
337169055533
837362136340
488694164290
574828747780
503944221777
499280736919
101452869216
609143619399
895362264129
934142493883
345240498272
861736639845
642965121073
14564169709
256414705964
444859991415
380982405378
897633568232
742684454602
111025823887
791277385015
500507627524
519006602685
251628183042
862380294617
937466444448
768818130444
700963914493
989690849926
620765242263
611042340808
805652063268
10880167908
117403386160
268974880357
975113421130
422186119626
559742733991
900948923573
152361941539
404980564739
74912904174
757761023393
781214545604
346149462372
202319300680
73326181902
349868813955
733870017580
163574095344
137318674995
63412031678
38801618656
936444623766
798862110724
510273999816
384882611825
475090394565
831393544994
979522294905
729889083765
676722375655
56477266078
214106779886
839780776691
208078582448
234012532547
935559712838
629047586690
681257454410
537262187203
669895133028
487392190913
639462376536
866082366610
517020910812
304021737368
865061022478
614303162718
897854340390
723267934745
325351816834
191909819281
133114264250
520944786145
957783811385
466936960092
761551470476
907096073187
949383799745
165396908240
870870813818
671641551738
101489583285
321263572192
936389309574
163319809262
151768707242
177527225212
795412521917
787079792209
88262427604
572971789794
145359075483
917939003321
645929120169
98944719376
943543259110
348578854416
988724400160
917897991011
715455153841
937450455307
327190953483
890649964558
56101356172
554153489243
254012738846
600614464560
637006821028
315621689836
581331550189
814916828410
885840345945
829294337164
406438038868
340405463769
721741628370
574080395306
32096425474
686264208467
608371194418
177188626189
455151394900
272558382985
979310905087
607070410289
500172265619
432092097731
636281281988
629227992232
297583875836
859647684315
288246614376
796388347292
825038653277
844434481431
206015940537
692193595521
143934693056
974189535730
998241578577
115655427590
480346661450
386466305510
954547429620
720962667730
715001450082
485496583592
931664825537
376086307019
57718845142
271486528851
335082392202
732709668339
983177234276
734413624003
500425883682
977023223600
172990137640
426941556612
190932905153
762810009294
631625419728
425962900636
728251580329
551360554888
56288026640
731773592576
66670312302
398376151973
580091351976
400513004756
18490086254
906943474231
132480416692
796258623802
538099750138
62275890745
337390478749
940251893637
632068614966
985503831189
895353333459
275201375815
194330079697
932968684753
386840975924
100016754570
208336505655
499845182778
844435907168
411430945025
795407987013
494981364574
794035226483
229978751618
845058361667
875294724585
829738952358
967094145245
561546142646
720146136559
67182540136
211775892753
999867117188
243268919028
658431641319
478061203753
326230691524
103107441019
568637386785
638487875719
306804688622
590388660029
600745222479
684740703926
762647723983
552270690817
461303710683
518526591173
605170190147
666678626497
213430506144
964591327070
794684939154
760783495265
766642490770
722092070867
515361891111
556825337145
307174234223
530926499356
935530175035
619031467792
758816260410
964305836078
807202340038
188844646841
448410785773
121460464533
768975426126
199247698462
273283305494
958304806182
101595237692
37552769813
620156918464
98442683940
492360616203
986364473593
634617723677
679612566883
690388577620
450213869722
902183187154
493376731449
746143549541
159880466473
349341004199
225744797794
411679713884
544357392038
568316715457
165534972711
888695021822
426494011309
10581508537
392326407597
479695637684
521158648016
453978729662
751797443936
170197376840
460869177101
968144678736
168895824460
781496329179
674595376403
221157064397
768269756092
158590229939
760369810706
305511478716
919049843156
62540728201
87263436044
582796079470
736581266885
576624648141
879567451302
814414959636
830913992142
533371901748
640046507419
531354727216
998594013929
835856210080
315832106960
857118160044
597360273098
948795065020
836568784337
160570014840
13473484742
633735486370
914148902310
795794063379
569336536590
267336919689
370983184565
740896795963
952523548768
142337135610
906307230908
427149927407
611287061173
743258542658
524612226211
673704733665
69127425023
738050747880
951104244303
414258480289
265105347369
254875740994
107463295022
686374627711
688571885112
758374812724
351062666951
366016924044
42963044360
645882630642
476319725152
573453123295
704947628416
4045755261
117189160905
855947495756
736083313889
182854586340
550267224364
278910387435
565251540503
392436301114
720187942034
456658217380
692342828468
616110589623
772253875815
134554930
433540656077
571102835516
966438622652
689739026216
844553406365
171766128424
107992867002
964485186785
71411905832
364455799594
605328051403
152853410329
284516092059
825810324173
999716706107
892900460598
969153794537
572717783198
531002544527
308117063526
899754166577
842990147659
490387801040
840068733039
786912282485
407840515883
401775527230
732662134484
929130989538
511457335652
470138501184
333319784749
827215474286
251268603023
124438454835
597023118324
168438031798
514782444261
354096729701
406731584425
408264679
342743133212
480536799264
302898248967
63772765140
481421507793
71468125976
535865328652
38787361875
225980659913
891507897906
180103097698
620244811765
188868132599
964036638063
668905322964
304742742679
667168138018
700322995490
130833192648
230808074927
884241688890
962653525611
966368183117
76948019122
710840486594
945155659945
396498637425
506632156450
974296474495
757840012907
883957044963
733612236913
177747957521
203445617673
967822447083
509249457363
29253578508
120093613765
993440717087
417252356094
640898221267
571387468542
685056993521
6092892911
109330605065
501853248690
612567505704
232308098948
467221913100
921211221181
556757771520
622032088097
236417132961
622349511031
76428045608
333442961498
831139514841
975258311189
537479316984
471844600402
45863783275
643326537700
760558639326
392850543051
1249526280
314937364859
388643260757
902626536890
839672059963
800315530776
41877484145
455542538986
584893587447
952997045888
716375809378
948592939701
222949024443
695742962347
746494347350
345847443398
988005363946
634312241058
44963444406
299170094237
622439234345
772879387802
883951537770
881679285833
706343086264
750306740733
646607461058
812282262798
92642827483
31958264513
552202061443
740059163997
852786289457
838006788127
718162878835
635262837497
469320597820
865709136508
763035464292
696287798770
338752672235
173858959594
666722713898
561406132895
891128478066
399078320989
272012571566
115365322161
599336586621
109312893338
131517740034
852148922791
961964050895
314429763038
17250231547
100217002123
454375227879
109458201695
825716232040
23887006634
61664920033
107409912574
412279318042
744717608432
446999435928
900101925192
991878968552
499515773376
483914356600
105300399662
613173336810
42801880914
812247590472
704410775832
628408393092
795220205156
705827297838
476336788900
765671185248
836464833587
688477932412
357779673067
976762966727
461576314001
873687986675
975965266988
293273215028
257064768011
451798946230
384972726744
105685325642
722933316106
660730133272
116926807396
916450005640
58504894247
844247802458
759586988579
823234549199
371720208470
30732654707
840396065321
558997036580
547678749191
142742288800
410210107636
764546943148
569510159288
438981010572
965432905124
444031540944
430497763714
722606609007
945504278785
509749960876
596689733304
97379814684
905912610326
717627028310
369837887701
759772822401
886430896023
830133612754
702411419801
441611719512
848348280126
493280295197
8150986441
929742839100
233445646085
816403891701
624819865015
52893066496
503844972501
322430518601
11195519904
214929838724
645288461481
728687054401
427840358000
147245542459
622152499551
77247036115
517542576693
572983834675
773378791849
329487634006
675522179420
744083197442
242037011750
9516399130
808681051390
783926004398
988286454641
254200580642
708294014730
274660470454
36597593044
460183350216
851246294652
777238905148
643114629970
49603632892
477502471681
83145289318
581079826550
843650383054
429557550593
469465588522
949758723572
99472540403
213025967370
545797739666
378750375920
418328870484
38709208571
232219498467
232695038273
287119925354
74239589144
920189208142
607191638546
654307589865
784058768409
987783071320
730235251123
395471104710
832369796627
733366776563
26000401251
278856992186
977695260278
253658123568
879721914280
564697100920
495106813672
410123896336
544175602100
739314996445
133169668351
194119126541
227778782577
544227930422
755376811135
669621979182
830632816243
483186883748
869125324938
66126680169
37031044189
121192140959
337829742078
691428620107
888993627401
112227956150
208091594528
633401748092
753257444247
995779769531
68279470140
956458752876
304553291989
812646805804
195365939373
457603476850
327089551134
522211425730
911971679467
145716190356
761842744033
36511205109
880804605565
30952285303
421082344626
404935033435
986530553692
814740740650
143114145515
824065086071
458513572195
325660261828
581141837159
440502634286
845476855934
66070097144
18880083751
441747352575
430749752724
886105096244
470339962064
185309935781
387148025545
164216774548
690440991920
980257138692
288007540294
62151295192
190253500347
668489692942
788817483541
860271404968
247165181380
387763252731
827561284298
221236922640
717734055500
515539112886
516079285730
234387455196
374767402095
49225091177
63795670265
828899751082
700039472682
112245695265
792778383972
358728053339
485994763286
989725999235
233191114576
436305236138
394849214410
572393136034
962128180622
584550377119
14798681275
175976493410
733926279309
700640436145
85469930583
197186954056
841482853927
287327321503
491348218408
346696480180
509135546249
232714106156
112120594953
472953788835
644878727629
189250260927
157466133746
645115175779
844324509914
430114796985
99846686681
840356710375
91084923598
702740959527
507798049051
313124805207
540970105235
667841347110
711374723080
417396197915
687209947102
737362333292
816906981874
501068768168
109277374704
115935154077
934921713865
237639483949
713214924401
29535088305
365423240207
492361483581
310727303681
63512435620
253278218428
349557714529
816134743475
666878471217
901559312409
684160987147
555412761949
915038523171
887091281954
780866450569
362449523763
972913631584
757076765991
550161279052
525570235795
135700451543
631586529982
95033462327
127749165925
346635237992
586314103114
488470466662
821199029659
739990276273
911024596814
308898563992
746661599875
842607157118
338485311949
708890450473
531302150818
626893509386
488129800992
183097286121
696902698782
894910379217
617133465733
706858216499
521215570282
226774954044
397385938198
842008095329
294992842872
331836988212
78375618890
438571936638
15044804456
457119337632
343698593232
463326872100
149538970333
611593799489
934731467991
815113641472
206956671962
434914048354
786393331310
142722799602
654402336574
174118540902
542888750050
367426516569
119415387130
716070111180
420261269126
126212109225
506454492333
956035267022
700408315057
139041155808
314842114439
347468830905
610631449045
755188453217
5922622454
574919557888
606138085673
91241454773
580010339120
211511151746
631291223971
225497328485
721720589282
591041263356
562132202656
37949797202
22029100433
382485131250
976316389929
110501497023
966146659048
659238970914
969329600070
798540092632
782124046815
173159105238
99554305772
582753853257
646884856311
154597308978
469527673069
573021096388
573064152069
674213561758
476924484408
655232863013
515616026611
962171682192
741560685945
391737837141
479429696907
763948860910
227402489349
665738727152
609264595325
403269907132
676627879320
693189802720
429595053252
94003824279
824681217059
82470443913
821176939851
133599608780
897094333492
322102647739
929247631033
376375002876
899192157086
969692990438
535316464332
881542157618
815597460467
95442516419
282414999867
962284064575
335819173346
656425903268
669978451567
873083182369
720886456510
149686572259
999102307724
406492060503
200289078498
673008891668
575277571343
81540863863
50595046933
720449375144
689880988442
657488339073
391434161951
958588231148
676432269018
291707677114
596555398366
271864956636
684533191219
125546950481
82543271920
322476574887
980457795358
556021661117
904015897942
374045961792
163987017733
521678372217
824957732498
665786145449
583461017511
158498093216
672397279339
409116116966
351328762358
994923042203
23277766611
475037835854
806741976804
614173844210
451335829773
733818472958
350801950537
419446551536
2571401916
322719772754
195098863718
914974306214
922852205899
536488907134
67409940973
9875152805
365638535263
349064429845
949129433971
960862728971
34534883869
578075429834
173636616647
886235442817
308055653010
315173928676
430745143148
783056474565
148453223702
869278246528
941114330909
364792139560
61399478457
23105197270
841407474236
730862821438
612082751770
240489256092
754049240494
683951069524
215973738358
264528407146
838754370637
117170278903
257264381351
449704686102
720577940439
395370096498
256706179820
578683115330
154581170490
218628517030
24823579877
109528588463
697938707289
23358010654
525009925167
171868432691
970536923895
12350772068
793650406287
926690536597
447967544166
138992180702
264506316610
271054254128
923019389092
434832101377
99388202547
260254898470
1753709859
255949538389
303799816335
514653127227
744554485984
181800352810
776837897088
159654104543
486234365906
504251705997
802568203487
808045297935
158827484113
225025698196
380051012133
326876650610
512699635161
170857123936
329048473753
234511474120
981524784622
172698273132
627232602695
811515669713
778444513726
46470582431
224453322283
752130397405
819251610347
201597588165
420029520461
195396253172
368045201492
886291617870
381127526306
478005077573
145405034710
430665946143
91881397054
258218073062
780471249048
784728794630
16399237644
867946959042
551703170185
691418883384
113569104138
609589375897
814576334853
467735592273
914543425725
95120973281
811083229208
565400873735
670928965513
23417058878
773263426491
286248182977
814360783881
487555397978
937203140907
285241108897
42044376376
78578692614
815500784941
913291205914
661565225309
988817730411
682125966999
950781242745
142862088332
903990832809
589867082113
806505639000
986753656486
638457796258
804641804557
666759852765
65305939183
443290255865
566585294075
692343854594
950640865863
746140536570
934046988735
530313135827
508778276267
433938138937
425714845588
18512553001
910624707852
942669596115
190398906261
476238805818
371513528848
377111412271
763575077509
253248146455
837934264683
868427069228
246882982152
549359273061
120127494397
386846112792
581099864493
437445908647
136999265537
435601405647
130301436984
17290880044
350290727171
147971724060
394179488505
127517466583
32389064549
241128300763
200966482204
351079889840
556038957962
759601327213
226353091511
316768379651
834444650363
728781015446
884962591353
386167617961
373893338846
139632235507
716898417522
595350979030
138357844919
108467003860
266467607096
731221461347
305316580489
631682484956
447143425941
512487564566
243085507816
166817337673
245335691960
741488551159
520526484026
899856297114
779311873732
556878575539
5797410328
555318248648
935735740878
237843126705
804340036518
936220653214
817544879297
1407157476
143427647345
717758072595
743285902425
133460934964
443336045211
79272918391
739025822141
473297911091
179595566841
281560585365
339489952700
588486774849
962604251444
16246932436
482778197256
42490591818
920601378837
936941985587
226605935908
976284097559
188092305524
219534041727
888201155237
44537052326
971830334656
648394250334
128408355737
973375874777
271436314967
328286948821
799000166814
689444193750
863011917022
296113018217
637911493765
264411969947
316495410306
459013027981
751098797654
339558947450
958667571123
242634436579
899855306420
827733617739
750196776960
29048856500
178873240601
203508264695
534339211350
161904290782
418520458274
408191695740
282158967292
602563520214
388746664333
208234396913
448509254985
211777747656
247217390477
600007322601
99108841608
527223782996
103421784413
685398504858
402844254511
178972177956
875260662103
103828075161
158973742656
713309385552
909673848988
275655442161
385554091714
532317035744
838877165300
353355082991
873836117425
563071209015
171247248628
349219999393
882426628532
286984610200
947906060950
624864212761
64685036235
230016185008
710386144535
210297456387
86800785778
373407380872
917418724840
148308307373
20632675194
36687158688
218832161279
255274918863
457916759428
956893104663
714801582645
727128070784
764079279297
245095198378
743252681311
633980711653
108731525654
567772765024
944082054264
884172198052
122276842070
558137292057
110037503450
199957624822
383437456553
488441178579
781218868647
923866642600
961701722918
897915693818
787723117755
76964946233
201816998004
9336655083
205160368390
91257219465
380074504603
86858933109
324285916045
805120991465
843492254937
604543767360
231640561848
82465765741
357408850275
955887552157
48466277613
410049888825
431379729062
271361433380
699363851009
321067207965
992420170534
387946390559
470807802469
317600242342
467642195195
457327257508
298373515806
694558483117
293358406778
933872458478
103378080743
735358950472
801488287520
414435877009
677956538599
527208990426
124883836640
312853924644
108402272491
644695705070
247334198279
102361842696
39048485024
49262732098
510116704655
677120173801
85370251881
706290316813
162349085696
685337036251
147945883474
148408675221
301441049968
87017178199
157824804102
156007931188
131631468682
957322202938
398352627975
283297322918
503027591150
808256300116
476020997049
341070879744
546892645437
103612631122
306497672915
889838004096
255087935478
762577608662
142339152792
553710320290
286064343687
652482658319
368047233733
294535179344
819889914546
659654136501
973997165636
588824948868
360780024126
798112303753
592222816312
787471018823
706725955282
148781617788
63671888198
672466109896
686326209651
501245490200
287281991730
648250256776
107849407285
897204103669
727622406142
460838870211
952490591530
2330921762
502003997583
97362990467
774170811162
817893127535
379835464665
562890561679
321094412123
360547015549
119312997519
721975737789
911127101494
276232094348
948991431038
600673249913
768831465457
203503802217
598853343244
952894206194
618879142581
833951549352
400275812675
955638457335
541808332219
345216945987
778808241154
739840170960
186617179913
828350780975
488168199776
701159678797
222542467522
558501665740
501420680609
468981493066
248763393703
854015001099
65134785329
737116533679
639859737229
322418593855
378926192530
439974639539
658185746784
570323316960
721160092842
840256927971
165666442022
696218292176
548890042120
176759611731
497433014064
228250413909
196296148254
257892038914
159829192515
747692344866
741247859786
314427247423
623534277832
1275542716
775045366325
150567269818
887615685415
766591856233
38591779374
37264809809
832553137281
245397909545
786887404297
155217788878
473046597467
797988258507
801256350966
89263435236
80363019784
580909988068
614564600551
989622405613
847414783969
354470161829
688175526804
139357927493
710697170092
57861401133
466514991814
821788705974
861213353272
36998456297
399534062807
434902106095
624731041062
211104292534
904121820952
571425942988
105439771561
875735432304
311097353391
917027973928
298222675230
925575262498
369789454162
262633458178
982867795478
318492625825
145304871127
109644072031
247170191759
925330212234
339931537508
578112913901
923462935351
445681927114
248087037873
585746412413
955119736390
457109744043
293081467372
4840595631
189844235002
358088382125
603127810474
960108705528
90307346377
666318182357
178409914035
417494250552
490238639622
554875340680
848752210658
948858111433
125469433288
127629146692
490756227233
368762342754
277047360861
982888149911
287133890486
143723333210
744479059063
967561573376
220422495191
409729720622
550009513987
896734131484
825701730364
664827521361
771626911234
359552187740
125045889340
364395842928
893771058170
120512926181
167482138795
909004915963
562284446753
350996920526
355687809099
269162295415
169591565327
90471615329
785121709782
940539040247
741457616235
232024264719
240839453009
228723672683
704521289624
459754770693
153037021967
64228598443
871516046426
106065603468
374306891318
429225130905
49265558913
129830680639
234229162079
144184878933
196758091438
387245233792
19062927888
727440262543
690003607057
165694769931
198995793453
421047542167
275824617413
647239876806
621829079281
759569668859
665033238979
801483798666
215110221476
160395382594
835577917715
113653402601
315529740804
398712166472
245188386097
835272144162
266758237533
363634316933
626894279820
513844322846
280487174531
780227713316
684398541529
853166168418
342571903736
855704879853
379648013333
511395769683
269612700619
289427374794
562358978013
963882637380
660360228777
579355454830
378023633420
290445105624
471947230578
20648451591
540633644838
557532734462
76052939696
785043351776
845366542049
585009040099
764056626403
820638680923
473134489307
646773457011
663773557874
203026840547
661856163558
902717560023
796129729363
513394148672
132369543482
208699345032
57015695010
793442458244
141467821605
596505619458
557546398308
8578658886
136074381856
385433884863
968844521698
481899783116
587162731407
284727486694
793568735941
387098338932
147585715364
495684812942
514828108088
718838700865
571951422070
75525755239
524238841040
732082370766
609903462726
367201414471
38814332968
742258792068
217514774820
939909336575
993990969323
800031074851
213809315179
518884874731
761504725638
69813589937
983654358588
923231761708
240688160130
419083655880
755261460692
994217887419
781757267917
783582612239
529899543678
761792053421
412197507125
875189950459
425522385169
526979586894
173019633525
109834452618
868567969416
540465388276
873032526705
736276898592
280346941668
620872589304
761048400637
949865259015
792764048234
173761564390
803944642162
138019237301
662588640654
351212164651
554698776708
261431538518
102789995211
275391611683
396847341516
409223901961
694185884742
263564328556
223123655413
50222539513
636668734774
35098360840
598392937535
483343845223
19154475512
107450801948
203673923981
33839986042
811651300436
425770480265
294274514086
121738252284
834667525363
119316842960
316735015359
581329982314
801084313072
387219527599
487653356188
35592563807
615191118870
332754977290
98413512767
33221729321
178965261859
682521631330
205567106161
892023061173
979362700088
721544349078
87431182556
213015655337
371255482971
872920554694
203857485649
166050421450
248642236088
137860046027
205626476124
567143116830
537680954954
398011754749
777417265770
537453276630
363955031881
817612802388
781146667950
696025730747
168127907050
127377015385
383642540640
502669889573
858296793522
468998162855
371137451275
590624431479
512890587224
271854868063
783860567393
899365652936
856835419769
659361843784
989864895579
540880671337
550338146336
656175568256
965224665981
772542169336
430805999363
472292214108
365987536888
230391647055
722674791570
308686752212
537697832437
79836386234
303582221018
457701650320
482985171745
524754262685
440660213576
780413677927
291565934774
988536647302
236998155336
212755138332
390909515368
908747300758
346239358400
876933177863
225330460631
406103012991
333274866670
337900451925
97245888003
377459503067
676503007724
810783449164
844781171671
419352066496
32755852818
172247237812
829769404693
726068515828
772894218942
549558920807
780424584822
40372573079
610621822081
558848119413
447645999749
85243203541
752716799805
997843345782
355845720754
369625016442
780253800495
785762373091
846188127909
117784962394
666585950224
680220462616
485103686674
333577877852
23821304225
665508520275
978803079585
362693692220
164464996186
356362976322
339694847728
989395842243
770109249018
975266923027
350972671673
223840116483
53219412232
478989831098
975055762491
407220747252
824876996551
405861781985
395242515079
645973969977
428924430564
643575309629
802202812286
614203100059
585097821674
751246518304
738880532922
507099461516
712386726052
583313265040
202628725499
272795554858
665310564531
336880411161
499508081342
211508580664
240836115130
210980915635
236726364830
262931205826
922648183025
207018638459
174245851418
312121168038
380831882224
7903832892
231876542285
125495781576
285710663096
798229390710
318729107597
966431803003
52821798505
571632072313
412821980584
520932577982
64659090290
107276719275
871957820915
608043324417
795077754991
163616049269
43274863491
815136335813
448927426442
577110274316
991646379013
340677280885
622346163744
114102957750
458913157005
385783429952
748124271613
515067524281
152167129977
844307894026
156154836228
889018902614
387669082415
635833888002
262529041318
642790145531
47288449527
59693454187
981270456211
990240021785
714814132738
609385506649
543628291454
722718623741
125948707243
33135594997
883206686848
375260756308
5927213877
500629947456
548572664078
173143687774
797409311769
48275414104
468319671996
137372661446
495587172725
576785235621
193422104152
598471672694
420362089557
597521356889
875880135911
484973083752
125240039656
284197167875
782023340987
741937627776
746288606701
999744720393
152593016367
263564600970
668695441216
208287747495
669920695864
902846149524
480078491950
456189663040
661765117640
293979041485
740810623854
668963585458
593757590212
472584831374
4937443484
283177187144
115854375295
377291734689
113712130963
18460707794
48077900232
171229442995
475833760309
885577373279
29512619228
510060371077
963744327216
730418865756
399467313991
168094770324
377646435447
892054056262
513508092332
584857942128
395389526283
40269473177
13084834171
246197886035
340882066338
451436163705
177567834982
121600776722
121891094913
919948643262
102954136398
77040995300
94520466819
662926768689
704906881735
645699676098
998170516678
51221694166
32548865226
706671694000
601832239901
189869375829
253005209350
276784805841
320099627292
49008101654
314211205094
703540785897
781389800398
670678968207
58266596155
38324356594
493956502427
385311055977
431959698247
529966546290
715023919015
452385344948
995735367227
238464433707
189493572436
513455813476
188677629351
290790483931
37316240615
525876988662
804653014793
645681612910
953504815824
694840013456
595339172260
852408368986
733387725577
394460462983
592036732560
676654379561
62092354553
460376224118
124961552573
780218022030
605218973181
692673101870
370460292000
170173294746
82639146042
940893796127
110655422930
137777262917
415140588505
520738608089
579781027314
429881116978
34751335159
97973791023
230597244928
643312348364
537338256892
243916364037
161234432060
684650035541
277456432663
659680664042
286818740113
487260705465
460704255623
428334445186
945813940555
967801025386
697631031952
469254961386
491762474207
335547766660
644395860725
399570276165
118840441173
784508959049
914460323446
100846940555
6413226709
547065968891
205522524553
74985362513
10855502957
717681806431
434406910139
972011978230
283225449345
522792167097
824951048215
122082851826
923948883404
327731206453
407003713860
414319109138
338286243166
751941579302
631066882734
167590357492
644218102877
132570013259
917208150980
650960921604
347964811012
991616340088
519030557471
743668892092
890863729913
418726736221
953306349626
186654369296
20507122615
530975163276
901202673142
837617093677
783139770016
245489066501
153217594845
134859770421
779802675530
189052228412
664415343644
967305621402
761009101929
399438904832
268339054798
456535635616
695982253662
708447530750
118264403212
659571195872
701615839613
19150944856
600473992527
816052792166
48093122178
964914424351
841478817234
420774270439
825467086316
682991074594
522418469732
758053061248
385179084496
118883320570
441066864808
497173235946
522487707490
383283623622
108126978960
756417706935
356715155515
924182402507
512133000536
746485442996
306375451464
386184985640
299511970764
96472324484
697928525035
499048273430
226346476324
357339011402
948616351513
632030455318
126480833805
527041494234
918812895269
394086401383
470186156881
114093777053
318500279106
640372787621
211393416479
529736087153
209878783331
592867467479
263229337508
272213028507
972587054611
483153436090
402053065286
427516698055
720350075066
180957986591
970134150791
154445862231
691474617109
833943047103
209969987669
645328593602
215729857111
770326473569
843914424341
109980839336
716130152631
161207332430
211324059302
594190840968
584465089133
535059278365
695564384026
998812611041
625183126673
79439200448
75961843336
360099890995
172719940607
718321155173
809366085877
275912376263
49974327011
264418017400
544760524590
5278751611
20044768115
239309020574
585029998422
98009025160
981837029203
669633399042
496573270403
503504214504
210364873494
999888550901
192862837503
319190830805
83561015379
538650719991
823192791793
299208202103
154334296339
748395727318
854010515296
84641363789
244780146688
339512886250
864281092112
707037027532
937574244817
80267255666
573292182838
544033758986
59368826468
24086062369
2472973087
326128007555
821920983120
230921942037
507514565239
478931573635
45724489957
983691017895
512038523115
804914900128
288047042286
409940284271
604330618554
576316431732
358788677786
401281943409
15329446414
484326905484
872044514668
834291235489
754963825990
475531681192
305801346885
288358969816
447238125701
867815858478
896230990350
481408856725
26017002219
813358474236
175802051688
64264325913
916663799961
784605903286
624752016379
52873652028
477762082739
524498519098
673814569625
959913288131
630938125167
325176158365
364882257647
30043216365
493987302857
933374594605
839187101345
515431672293
699362764027
366388688432
57243465635
483395892915
908281152313
57670338921
2473697842
992688957239
139271106479
630527435268
139776260921
597336805507
223870833846
541170209888
707643246808
544552421026
24973021085
765137620378
864158409270
721946243505
146515989091
628104610596
993852774133
607383921537
20334222102
442215595072
464728131435
117994180478
361099873119
234046600934
306554428069
641383478591
251405976093
384689131852
399138801914
145994260173
993650480404
133473262421
342612529553
425553088324
840541690994
151551620691
86113790275
427932470540
745844415812
61644800174
145279153833
645784806237
392709052466
112633262243
480876591239
39543514577
492046883677
34423002905
100118890535
489487216341
20220872187
48186046448
843281326224
633550515975
850687589510
708876221799
764346654210
133985906967
692333916590
883433852361
948061082341
128873329747
116092686434
262536464176
336586581593
876059297135
716029969070
623540330879
915756528451
918914218867
87627420488
508047758465
554906352415
3675540420
201059128201
431194265447
997510722476
122328684792
148380574459
940578684830
969779750757
233336537116
549554868340
400059962052
507446313685
417727678083
354407517017
242766977101
968706010569
550565876550
243473094006
947576040826
185921923319
664326856190
107666267759
838762130927
184328716099
722114616092
631658485189
30663238286
544145221204
747670642852
263498469513
690588997157
200340574751
386465768999
232961655417
445416755994
230620191815
741715710382
935978579105
480452514295
410977969329
160214580932
77935109331
659826271589
190867827193
80638000352
137317617769
430111078117
347219658056
502095359786
788619242339
16079098909
221488027832
39319432288
984892135191
823156985907
12286610229
642833538375
579633055061
841260499493
289726612623
110024211890
455313042411
903537315015
149507908800
36693482547
765999357869
631964379413
596674748887
141683973346
959529779347
739407832412
271122050487
162951479608
144976486316
890155805229
752573214372
482300387673
529356333400
732694181843
504855418368
956337055826
985166125294
595449975341
821355999313
747713360362
564906766011
407108018154
654311752606
892474773537
438289269201
39805208208
405075251511
418666793505
419748595086
283437542885
31770528099
519436929293
201349864723
631918600067
949838502097
940955168537
444978053828
672311429411
659468141894
503444569980
813387356766
364726716086
837261054047
614098630613
872157058027
732920416566
605045697440
677513020983
699300762215
734316542741
119067868835
225469344511
985337303408
153679326495
71245693560
171417397784
733430559560
754862315014
352087666777
508853047526
648655305266
602373690075
995947738349
117193473005
812681217082
417189149550
173716755011
800284690169
159390274951
561958318457
318181126899
229459491326
101135821148
567017213888
647684274188
288705293000
828236847335
983253583853
285167490640
721046976545
363331616584
935616262397
709799106775
681160150080
156425799153
809342147672
36841818107
748358976946
799864401683
8976075329
968487405980
9280334702
869640626016
170729593826
742474519798
690323262370
246769931973
396216971020
578414335164
247121301734
403273909869
200641587201
132238687270
822356199501
486698590841
356971713775
209371485041
169801130871
697306504474
252777939582
500275815438
509333565445
184872424280
708146171268
5288830643
961773473562
321017797178
924818076868
783270896740
864672668018
944791470001
682422519890
390819345233
743866015819
994062038679
561947247824
321853055327
207729225387
54535538959
260487736299
402642235048
367820596621
917525148128
513999640992
932448999649
714960421643
238077490275
834390155696
181946235798
157552123576
825484940722
541665866143
109236618043
527377127062
212421226485
158009032094
416614626485
735405227895
830601890606
955195121912
994803545841
928654760000
660169385070
946777954507
887411224412
301346098368
717532265385
680873272478
890132758414
81641639805
740356704160
838192030554
989995480357
974227166393
43707510903
467492533514
373872913556
913877100983
466945976708
404130031546
195125473092
95698310866
281447135988
403157837367
495657839770
750436032584
67281850125
301012916251
689148583827
537344197793
516620987187
543468853371
837687550748
797085327759
283243387875
43145939715
5590012200
467601466575
145425790597
70175003876
604340416828
119032601127
37006295110
990949577127
892003054906
899659301301
667416053911
661096967738
887702590290
292519448237
358685754929
364523756540
221389127083
974550552133
846114746771
775718628226
711985539805
725329365114
788074763973
410429509171
146677491863
338586324755
787705703206
717848352623
767109327495
36035440226
921998236738
655937826459
444708018420
991432274308
744340919767
63801647008
986761573489
225812043104
80486274730
976507167793
507352759511
916738536287
811906029313
246939193350
90027884896
794981325618
764099280178
731095521875
746068843589
572116913202
109759671206
318870043324
936275189274
757498228680
713044070651
740332592881
634686122320
177333194637
197673184803
777813714501
973123031737
756840585546
347561351151
588048501145
400354944372
676398355880
39945876158
748087644039
700301161427
275329504613
108422602294
769064054166
631036640702
434239524186
178873113801
792330127908
85044260977
731016946147
124981568650
626838719766
806403574575
442628633848
314018531346
997620059652
873542995707
160718395617
584456869090
757760854726
10686738682
126614435128
810032849539
79729737129
152084020621
526766050693
859139878125
914687055793
110197311809
787655133096
430978962347
756818232691
562278488313
683307437810
690571043489
80127286075
811221267714
41693430580
147531091583
517814341589
660206115959
367946651412
157837169349
606037183383
672938771122
280453160524
165887480817
514242107260
262828410355
751904412021
369676588740
568555381878
937599782257
528031489140
905641770965
163823473899
522418612377
736693480822
754265819472
275508621897
817012183303
204549335714
241849426813
672280311595
93133691087
106663249460
995806597861
568801904518
525825868961
930089114302
852287429111
154224316368
389440436751
739372790274
606466190024
111115282509
739350048747
822939157799
861440169307
860665531717
923937451776
248188176254
351010655565
580538166130
454848543428
63092964839
319143550515
766527498098
663922821569
522813405258
55189781693
900639803358
643404442133
813816861005
238466807200
853574666474
950872570549
162901901881
448926790397
264963090674
424854131442
668068272026
963879873178
214910562340
901859696964
239179438505
901793898108
595109656713
358155155613
752112933223
974774261979
839369163865
709541867957
175411437242
309826551145
772641198523
440675807089
678954251488
914108045751
785144875858
506781111320
405768535814
762248085840
523297647842
216472049652
208539744123
467256743079
336399105759
600123494668
676881828747
330691113688
764911877200
601392910983
204777188955
843266169569
106750631774
332692521703
201145135935
423654578586
160664741469
900121307031
421886073057
815532585166
590236859955
115492820582
468799242446
866386473928
134345059401
861669411898
34596324922
620970550361
496857847452
461128601422
653814243324
209835185433
503632535230
818918083731
327196786232
88523511202
321897645723
142448953009
528141713602
678480740188
498602051917
120187657626
264109740683
379570501386
423524850259
815116031937
424181321311
121895062550
761566846723
533757403410
467781912247
22144385847
977875574019
484280039142
752327235601
824851721169
69816285585
74253006517
47246384306
981398567790
834842231541
881298739268
623554555588
240901135423
758996730917
654037298520
345484099453
19851706365
3128937850
288152565671
139379817476
77010822294
157076880441
236840353893
157734136000
29234257895
403329661265
484838335175
896073772184
160327502578
732052865072
514472173542
754030559225
996517969757
848891658390
867219562472
813963994047
153571574194
371496553657
997288099422
656941071630
638619263595
374834840641
470951866057
339235035624
340950016682
4212455702
376837461932
886072585105
234256099286
864700645508
754344391677
632486996535
551793859259
230777898191
541585943423
72076828681
594777383473
687861372503
719111448172
490067317880
440649590942
409854305005
501590091592
669929474820
760021485522
952849216552
634134768540
948927532058
315841548228
101029061771
457575613343
817482136502
581371321708
224794606837
293710064052
909831618427
100561619015
294942688160
994244564234
540536322841
321042253563
300111198768
895235039647
768644726424
69771708241
808684584789
630412474382
502760990097
226360992477
127674903471
109631355942
19207499874
242353349221
339189552757
448666473856
269099639414
783956867905
577161107169
354362191439
314208119409
894734783925
144665292603
40895910501
279635747270
982257118932
564592620910
928426378992
649589631059
52546351177
4215606048
554375985275
983599891264
951152366955
513757677273
646285670473
331859438028
507213002700
101200372982
446203406841
489371669755
275602468640
684539899726
718886570424
866517258434
225261199410
833619279268
717330951871
905640184165
9210813924
305944750291
489847196328
864915753588
872179127199
809384041750
8740871382
616881946083
501146049417
364692562222
220446325490
315936403662
288701726592
161312379131
542728042882
653203829774
554999227331
608742137468
595168036983
9761803219
922380635558
408306737372
62193318199
530628996608
945297459220
333217653131
771578458367
364467219270
770508692627
148382360627
357197484617
1402469151
665030391474
3204058237
290119855139
262061035214
463433294384
126710087417
207205993882
705830377545
262115728471
529529119455
520931622668
539302129292
829571290111
704710453050
931200114315
179040417452
652881065696
104324159174
661765892829
257133064406
963548866275
557974087039
836041939054
254545639913
494095304770
267216932420
476276164465
10575556616
585260113945
795589924944
637500108315
801998298229
251539285584
117016625503
131651634699
112368388291
103949083332
727725097513
781529564692
959874745516
287087532247
141069276369
271089446954
29113715063
325476592707
217740347117
392285119798
427648526540
959970536357
581102036681
482819728010
55923364823
509277515165
253241991947
553586286083
290550690454
931577691312
124744215929
776741901892
88604952274
554622846144
240318731265
629150198786
503797392070
859150892131
656129504567
382555406259
908025329562
478582203308
378651413951
678862118717
805201476112
820617082375
749538234353
665326927579
939190180687
530489988725
670544597084
570340681292
900075269727
419279945599
26523135176
575672950
673166277404
295758040176
479530703419
704462529367
344875647543
338814811839
448179135626
212949005407
924534267307
192715964040
577788837161
154599221989
604063935959
998236050582
414179864404
558122630721
801609996162
206689936728
729912168239
592335900905
342127582896
420032922041
648372025821
188760259626
220702723774
895886607742
65488670520
938951249012
659484459365
928072742659
198524344412
22356753320
644929391898
33825917643
43256070454
429509049213
755112194806
95029563454
144500947517
981743236034
371639272465
755517207624
391446174907
407400402371
381025227852
668265992038
870315795089
23922562931
579742517492
367603363771
430259975453
720102750211
928652201861
350579614167
606642377799
123234146928
125523596675
348971639927
969534996333
850965030672
55860287369
462152390464
277845422621
742645086566
420482211806
653165402805
656911642160
891035040730
147830291525
320240934313
977932245832
885186301596
652474557688
54012763719
818628435079
949610153212
611824731663
123884043746
66265812442
54739432442
436526440929
991156866466
155900327978
584289145061
663802998759
923081576126
294393480259
930089375102
611481784841
123117831781
926172415913
786964186038
875274230702
399495677259
983469758464
652110368556
666506643003
82244721680
879206647128
9510957494
341565713439
410711110169
366834505218
24549605952
987502416513
844345763013
94552208109
532376296401
145136400441
112012462134
64180004673
782135515106
725326356907
947008744351
80622653271
77574760084
203120835102
681689809036
221150552798
388904516045
405239042668
126373269979
408202854322
9834303415
842807749151
754463557879
258898718762
188467064058
507959476306
239745953685
977559452618
461331931957
361265450792
922841905353
671124147137
170895408086
661429484927
288499626036
456412138567
533929646548
670413371175
474578513920
232896169959
548451081152
40036120936
677745771591
606027314284
76990664024
154035895535
463675692150
214258584781
906068784127
433841406589
735300667462
796718286068
606022164275
88338552056
236613446793
656528686212
626433312005
691872661498
618087862389
966559134596
43817885390
282043705978
12411300905
230682713545
50981563172
69669036448
526944358968
249311418897
328016508761
308009939618
983389707124
663014515821
172975123993
90958951929
922839619213
489699577553
177071009286
151894455350
147335079579
928625572250
240039084666
683070454196
790797794573
977524523397
176882278341
343907006949
842089220237
406840338691
701173518319
814316543748
368784372218
60499920719
94042816187
298075348873
596410624432
565097049162
437965962548
351558035984
18330425642
693286313499
105837834236
817751242996
710675895401
93605148213
799964939502
650544198331
751917721876
601799685774
124258058531
106572092997
623602797573
717501137993
679027450462
149053634331
735278243875
538371946162
379820710928
350432204427
776384426294
606006626062
635550186988
682596902942
488543237819
834157044294
964088009856
970271284974
729224788493
216741656497
222001051289
754894127602
706052494424
341211523541
153130821301
114874930674
831596907623
35561703726
12736354573
111969373306
277700661884
276978900700
752413249045
464069037353
723223462489
392263760429
303730711432
586329439326
812051692138
830920648744
910236333789
210836838759
857520633645
977223270070
389351443472
687040018324
477385233074
379400349570
294427854697
71694379494
168800437753
385531664533
420273550413
883149848623
805966140325
708999645307
200396621709
196427571583
536385938679
426632670839
879867061166
546299494230
655876809095
877418207031
36833629058
468620219270
734573149329
473561303404
367020586914
893255927749
840051746889
760935037057
324771861673
742518203023
795030497704
98738344131
173215738138
172147387623
85553665085
914072517953
878357782132
318076780956
138468969051
935060234054
181933630826
264275180874
928881331884
955220425522
5270463116
954371067755
266776089058
194406762
27290518547
992284909600
694474835348
629694026572
466076308321
933490071756
983082152073
747705135071
269975208376
637809453899
553237684480
453257756424
688112057761
244275464347
527428271160
443217054387
479745488435
153397764426
117317497047
139163390997
16036943307
111495341822
261408004173
221388021091
472677720827
584950454482
199383109012
125576096424
212611562855
260673961825
61264104742
740547909498
659942227572
664760162734
744978214608
668236373333
440240758659
687628751264
852898929337
916473264667
97701928488
596944199854
318671724721
271413382533
162490467165
772502200005
309515476941
31994882426
802071574518
535062044266
114147849413
809158897133
347457601534
224545384524
484817447214
716402131429
272674089208
638818570013
819382443316
495181060336
305317354270
949668563082
930041018512
39678354334
748073793431
800600203391
70898982310
614917502737
64095174466
263682008512
981066904725
984090463392
656074898585
370400836486
382011436178
380372373463
927264315919
64887782177
172006292501
467079942065
940691278985
177645039637
458192493122
706268529617
313669715888
930616485283
917045275918
77222583769
780554642056
365807793892
775382879386
621013626806
627780771305
311574670331
241022071590
772967043851
81230701549
418404665477
500225415958
394011903424
573632001030
385005079091
46800907410
557177433588
799327438897
837552211966
436781373024
89407032435
758049929995
271701178689
981908926020
375073967929
46427564002
3398941348
499308444750
917692518340
379711845925
495732353709
742406603293
924406613289
257825275169
405763723752
582009241951
521519435882
430700900041
460917643274
901034659175
656053080136
516083500548
12637839789
63749563935
195913225267
684458521172
975009830645
617606473454
700429681376
735406429973
520816546350
646108512894
194918262367
221731132391
436270623161
58060200585
653233223761
103589279592
968632426414
649576486646
623205609513
202268131934
601828039517
378757670102
459370618750
562145361126
319566395790
529188601310
963808351654
649220429779
5033414449
758215624295
725622824606
780077361051
523455999245
961799747691
161590848159
145522345813
793630141316
606239703735
883854335833
815352167852
986417711173
806773127702
118387739033
802377156638
632693176125
754406978306
853888489420
375629513597
128904173408
722463918908
329131482035
116448469397
731003764780
265925424336
479561356163
619233742954
746211776698
616661718410
834283198682
346277518440
563061224924
441067218439
894812000669
393744413550
739561784790
871994633676
850460966548
437550108598
889452456092
315940444341
46646345712
521506899265
220028857262
244884007950
779268179623
751481402339
64308892657
940432430423
295165825397
188381177804
240598987784
690005351340
506802309859
678149572012
639387496506
244867824884
699719496309
779533608372
799541098238
302465779161
710474700402
697808718421
737545465788
317032997972
330153390265
651594998687
306773369740
734553603212
688482414734
690174043981
170651380008
533456756282
750794055917
419449155797
690732471001
881936214797
963008817605
809402507562
645010916892
414381596268
566415795978
938488945927
875541939106
691694686588
151512394726
335169121273
150166987986
228039280540
494150196876
449438605874
298553055196
765944050722
286941253469
811990016074
866599234842
730360657592
263447222516
852586899210
925417171626
310685989473
326456162031
214100039027
217217701529
222357565158
209281397000
953107640717
867454024330
749853602257
826321129709
906578060837
443978484051
117553338437
43247141456
